	Bayesian Skyline: Clade3_GTR_strict_BICEPS_invariants.log			
time	date	datetime	milliseconds	mean	median	upper	lower
2014.671	2014-09-01	2014-09-01T08:57:36	1409561856767	715.4494451513332	658.364542724286	1436.0430877412812	333.59666619241455
2013.9706019388586	2013-12-19	2013-12-19T17:28:23	1387474103510	715.4494451513332	658.364542724286	1436.0430877412812	333.59666619241455
2013.2702038777172	2013-04-08	2013-04-08T01:59:10	1365386350254	715.4494451513332	658.364542724286	1436.0430877412812	333.59666619241455
2012.5698058165758	2012-07-25	2012-07-25T10:29:56	1343212196998	715.4494451513332	658.364542724286	1436.0430877412812	333.59666619241455
2011.8694077554344	2011-11-12	2011-11-12T19:00:43	1321124443742	715.4494451513332	658.364542724286	1436.0430877412812	333.59666619241455
2011.169009694293	2011-03-02	2011-03-02T03:31:30	1299036690486	715.4494451513332	658.364542724286	1436.0430877412812	333.59666619241455
2010.4686116331516	2010-06-19	2010-06-19T12:02:17	1276948937230	715.4494451513332	658.364542724286	1436.0430877412812	333.59666619241455
2009.7682135720102	2009-10-06	2009-10-06T20:33:03	1254861183973	715.4494451513332	658.364542724286	1436.0430877412812	333.59666619241455
2009.0678155108687	2009-01-24	2009-01-24T05:03:50	1232773430717	715.4494451513332	658.364542724286	1436.0430877412812	333.59666619241455
2008.3674174497273	2008-05-12	2008-05-12T13:34:37	1210599277461	715.4494451513332	658.364542724286	1436.0430877412812	333.59666619241455
2007.667019388586	2007-08-30	2007-08-30T22:05:24	1188511524205	715.4494451513332	658.364542724286	1436.0430877412812	333.59666619241455
2006.9666213274445	2006-12-18	2006-12-18T06:36:10	1166423770949	715.4494451513332	658.364542724286	1436.0430877412812	333.59666619241455
2006.266223266303	2006-04-06	2006-04-06T15:06:57	1144336017693	715.4494451513332	658.364542724286	1436.0430877412812	333.59666619241455
2005.5658252051617	2005-07-24	2005-07-24T23:37:44	1122248264436	715.4494451513332	658.364542724286	1436.0430877412812	333.59666619241455
2004.8654271440203	2004-11-10	2004-11-10T08:08:31	1100074111180	715.4494515031107	658.364542724286	1436.0430877412812	333.59666619241455
2004.1650290828788	2004-02-28	2004-02-28T16:39:17	1077986357924	715.4158159166119	658.3647878889296	1436.0430877412812	333.3796075202267
2003.4646310217374	2003-06-18	2003-06-18T01:10:04	1055898604668	714.169421887517	657.9903681847454	1436.0430877412812	325.9974500168007
2002.764232960596	2002-10-05	2002-10-05T09:40:51	1033810851412	703.1396378848526	652.025975740423	1435.052450659684	268.3305538637547
2002.0638348994546	2002-01-22	2002-01-22T18:11:38	1011723098156	665.929670138258	621.0973949189462	1425.316079940203	213.697396954401
2001.3634368383132	2001-05-12	2001-05-12T02:42:24	989635344900	596.8259449695192	529.8698799946459	1396.8640687316908	191.2103018611153
2000.6630387771718	2000-08-28	2000-08-28T11:13:11	967461191643	516.1206209661453	414.83778271943584	1332.0406996691038	171.46985979500766
1999.9626407160304	1999-12-16	1999-12-16T19:43:58	945373438387	444.7967548491572	367.4779958309133	1216.3399613821286	131.60581455597813
1999.262242654889	1999-04-05	1999-04-05T04:14:45	923285685131	383.92794927476325	333.9293278063059	1050.584745599878	104.63169530640793
1998.5618445937475	1998-07-23	1998-07-23T12:45:31	901197931875	328.7516723528867	285.86941421932795	866.826814751321	86.02153094476301
1997.8614465326061	1997-11-09	1997-11-09T21:16:18	879110178619	278.36896484775417	224.61103034018691	742.2490708871178	66.31407467999703
1997.1610484714647	1997-02-27	1997-02-27T05:47:05	857022425363	233.46785408671767	185.3089805708809	667.2131250566143	54.45929568886719
1996.4606504103233	1996-06-15	1996-06-15T14:17:52	834848272106	194.75203163346654	155.0640239492175	594.7201227896848	43.19704325372836
1995.7602523491819	1995-10-03	1995-10-03T22:48:38	812760518850	162.47562097141596	126.38553934703016	510.6525891852485	34.57645038013311
1995.0598542880405	1995-01-21	1995-01-21T07:19:25	790672765594	136.14801722206843	104.9013068300732	427.4011606120865	29.789016953107378
1994.359456226899	1994-05-10	1994-05-10T15:50:12	768585012338	113.98224113219692	87.58702356839991	361.3810853580281	26.44570730369503
1993.6590581657576	1993-08-28	1993-08-28T00:20:59	746497259082	96.51515619743327	71.88652589250597	313.12654682165373	24.113959442376533
1992.9586601046162	1992-12-14	1992-12-14T08:51:45	724323105826	82.33833447143493	60.7028138268917	264.88938575700513	22.42218730500016
1992.2582620434748	1992-04-02	1992-04-02T17:22:32	702235352570	71.56266417413737	54.02402305749332	225.1777425270669	21.57074287484971
1991.5578639823334	1991-07-22	1991-07-22T01:53:19	680147599313	63.41817742012617	49.460996240788155	194.52619037612763	21.143512849670095
1990.857465921192	1990-11-08	1990-11-08T10:24:06	658059846071	57.64080270985177	46.49143194780086	166.45483511177218	21.06447978769019
1990.1570678600506	1990-02-25	1990-02-25T18:54:52	635972092815	53.83295531032019	44.92377569284662	144.38993058576068	21.26907432260225
1989.4566697989092	1989-06-15	1989-06-15T03:25:39	613884339559	51.56450404948431	44.354717809330296	126.40805850236937	21.67001147997715
1988.7562717377677	1988-10-01	1988-10-01T11:56:26	591710186303	50.380559371929316	44.39395253940174	114.50412805906234	22.236537943123274
1988.0558736766263	1988-01-19	1988-01-19T20:27:13	569622433047	49.97840712255175	44.76577259564387	108.19505957436817	22.836997873285764
1987.355475615485	1987-05-09	1987-05-09T04:57:59	547534679790	50.15658576358276	45.3143105439737	105.2216773052269	23.456191058119174
1986.6550775543435	1986-08-26	1986-08-26T13:28:46	525446926534	50.527675565465536	45.915468861333785	103.83660810353116	23.916629791961153
1985.954679493202	1985-12-13	1985-12-13T21:59:33	503359173278	51.043100264389345	46.53336439541999	103.61392205637269	24.41023472663988
1985.2542814320607	1985-04-02	1985-04-02T06:30:20	481271420022	51.52257436877836	47.10480809514001	103.81730889258009	24.734002243375667
1984.5538833709193	1984-07-19	1984-07-19T15:01:06	459097266766	51.93603888260547	47.53940919466362	104.36366547345003	24.969292513102722
1983.8534853097779	1983-11-06	1983-11-06T23:31:53	437009513510	52.274267471650305	47.888638692679315	104.8344324096809	25.12107974423027
1983.1530872486364	1983-02-24	1983-02-24T08:02:40	414921760253	52.51967414013415	48.14246137213065	105.22039223481254	25.204442799854824
1982.452689187495	1982-06-13	1982-06-13T16:33:26	392834006997	52.70742430100364	48.34081187968118	105.67512124867953	25.28563069343447
1981.7522911263536	1981-10-01	1981-10-01T01:04:13	370746253741	52.86695759280176	48.45239036764249	106.17232718418025	25.323396296400496
1981.0518930652122	1981-01-18	1981-01-18T09:35:00	348658500485	52.95791224124509	48.51439733100175	106.54838342996226	25.33467133710614
1980.3514950040708	1980-05-06	1980-05-06T18:05:47	326484347229	53.023136114450175	48.56626754410609	106.68388733170633	25.342548594069584
1979.6510969429294	1979-08-25	1979-08-25T02:36:33	304396593973	53.0642859975044	48.59149477821753	106.9062621619097	25.34778813342023
1978.950698881788	1978-12-12	1978-12-12T11:07:20	282308840717	53.09576270355851	48.61218388050052	107.00934693043313	25.348781022971092
1978.2503008206465	1978-03-31	1978-03-31T19:38:07	260221087460	53.10044816315674	48.61753766037745	106.91189509224232	25.348781022971092
1977.5499027595051	1977-07-19	1977-07-19T04:08:54	238133334204	53.11017454391041	48.62709785893712	106.941120613395	25.348781022971092
1976.8495046983637	1976-11-04	1976-11-04T12:39:40	215959180948	53.12217822079721	48.6361399111304	107.00333892907345	25.351224316569176
1976.1491066372223	1976-02-22	1976-02-22T21:10:27	193871427692	53.1260223114913	48.64026567416257	107.00655791837123	25.351224316569176
1975.448708576081	1975-06-12	1975-06-12T05:41:14	171783674436	53.12894763574153	48.64261123208408	107.00934693043313	25.351224316569176
1974.7483105149395	1974-09-29	1974-09-29T15:12:01	149699521180	53.130676928096385	48.64292537340254	107.01846538079799	25.351224316569176
1974.047912453798	1974-01-16	1974-01-16T23:42:47	127611767923	53.133065227093745	48.64474926296159	107.04022605787758	25.351224316569176
1973.3475143926566	1973-05-06	1973-05-06T08:13:34	105524014667	53.134520233648075	48.64481515354404	107.04195376229062	25.351224316569176
1972.6471163315152	1972-08-22	1972-08-22T16:44:21	83349861411	53.13750326456348	48.64563032453665	107.09478895763333	25.351224316569176
1971.9467182703738	1971-12-11	1971-12-11T01:15:08	61262108155	53.13810875251939	48.64563032453665	107.10021704433576	25.351224316569176
1971.2463202092324	1971-03-30	1971-03-30T09:45:54	39174354899	53.1381947578275	48.64563032453665	107.10021704433576	25.351224316569176
1970.545922148091	1970-07-17	1970-07-17T18:16:41	17086601643	53.13763546661223	48.64563032453665	107.09478895763333	25.351224316569176
1969.8455240869496	1969-11-04	1969-11-04T02:47:29	-5001151609	53.137430729329935	48.64563032453665	107.09478895763333	25.351224316569176
1969.1451260258082	1969-02-21	1969-02-21T11:18:16	-27088904866	53.137430729329935	48.64563032453665	107.09478895763333	25.351224316569176
1968.4447279646668	1968-06-09	1968-06-09T19:49:02	-49263058122	53.137430729329935	48.64563032453665	107.09478895763333	25.351224316569176
1967.7443299035253	1967-09-28	1967-09-28T04:19:49	-71350811378	53.13722882456209	48.64563032453665	107.09478895763333	25.351224316569176
1967.043931842384	1967-01-15	1967-01-15T12:50:36	-93438564634	53.13722882456209	48.64563032453665	107.09478895763333	25.351224316569176
1966.3435337812425	1966-05-04	1966-05-04T21:21:23	-115526317890	53.13722882456209	48.64563032453665	107.09478895763333	25.351224316569176
1965.643135720101	1965-08-22	1965-08-22T05:52:09	-137614071146	53.13722882456209	48.64563032453665	107.09478895763333	25.351224316569176
1964.9427376589597	1964-12-08	1964-12-08T14:22:56	-159788224403	53.13722882456209	48.64563032453665	107.09478895763333	25.351224316569176
1964.2423395978183	1964-03-27	1964-03-27T22:53:43	-181875977659	53.13722882456209	48.64563032453665	107.09478895763333	25.351224316569176
1963.5419415366769	1963-07-16	1963-07-16T07:24:30	-203963730915	53.13722882456209	48.64563032453665	107.09478895763333	25.351224316569176
1962.8415434755354	1962-11-02	1962-11-02T15:55:16	-226051484171	53.13722882456209	48.64563032453665	107.09478895763333	25.351224316569176
1962.141145414394	1962-02-20	1962-02-20T00:26:03	-248139237427	53.13722882456209	48.64563032453665	107.09478895763333	25.351224316569176
1961.4407473532526	1961-06-09	1961-06-09T08:56:50	-270226990683	53.13722882456209	48.64563032453665	107.09478895763333	25.351224316569176
1960.7403492921112	1960-09-25	1960-09-25T17:27:37	-292401143939	53.13722882456209	48.64563032453665	107.09478895763333	25.351224316569176
1960.0399512309698	1960-01-14	1960-01-14T01:58:23	-314488897196	53.13722882456209	48.64563032453665	107.09478895763333	25.351224316569176
1959.3395531698284	1959-05-03	1959-05-03T10:29:10	-336576650452	53.13722882456209	48.64563032453665	107.09478895763333	25.351224316569176
1958.639155108687	1958-08-20	1958-08-20T18:59:57	-358664403708	53.13722882456209	48.64563032453665	107.09478895763333	25.351224316569176
1957.9387570475456	1957-12-08	1957-12-08T03:30:44	-380752156964	53.13722882456209	48.64563032453665	107.09478895763333	25.351224316569176
1957.2383589864041	1957-03-27	1957-03-27T12:01:30	-402839910220	53.13722882456209	48.64563032453665	107.09478895763333	25.351224316569176
1956.5379609252627	1956-07-13	1956-07-13T20:32:17	-425014063476	53.13770743356001	48.64572506059128	107.10021704433576	25.349174595667105
1955.8375628641213	1955-11-01	1955-11-01T05:03:04	-447101816731	53.13818627575094	48.64685298843461	107.10021704433576	25.349174595667105
1955.13716480298	1955-02-18	1955-02-18T13:33:51	-469189569987	53.13869431410733	48.64710444016043	107.10021704433576	25.351224316569176
1954.4367667418385	1954-06-07	1954-06-07T22:04:37	-491277323243	53.13964547664743	48.64727933919768	107.10021704433576	25.3526439930431
1953.736368680697	1953-09-25	1953-09-25T06:35:24	-513365076499	53.14055477989554	48.647981434327	107.10021704433576	25.353238169304575
1953.0359706195557	1953-01-12	1953-01-12T15:06:11	-535452829755	53.14348599922307	48.65004778414659	107.10021704433576	25.36137955020362
1952.3355725584142	1952-04-30	1952-04-30T23:36:57	-557626983011	53.14719396619338	48.65353450602951	107.10456549717853	25.370575575417433
1951.6351744972728	1951-08-19	1951-08-19T08:07:44	-579714736268	53.151867560201524	48.65993331254702	107.10456549717853	25.375740003398494
1950.9347764361314	1950-12-06	1950-12-06T16:38:31	-601802489524	53.15768107938994	48.670646060090014	107.1054526292279	25.381222511799066
1950.23437837499	1950-03-26	1950-03-26T01:09:18	-623890242780	53.16377254896312	48.6756173314034	107.11755224718412	25.391528955374067
1949.5339803138486	1949-07-13	1949-07-13T09:40:04	-645977996036	53.172147753566286	48.684379771334484	107.13137442499743	25.397255903347254
1948.8335822527072	1948-10-29	1948-10-29T18:10:51	-668152149292	53.18247284247248	48.6938713496074	107.13137442499743	25.41138063986407
1948.1331841915658	1948-02-17	1948-02-17T02:41:38	-690239902548	53.199897918158534	48.713988935161815	107.16375947187538	25.43160202070739
1947.4327861304243	1947-06-06	1947-06-06T11:12:25	-712327655804	53.21243652715664	48.72351870850413	107.18498766595627	25.438526281249526
1946.732388069283	1946-09-23	1946-09-23T19:43:11	-734415409061	53.23995004382191	48.75035480526135	107.20107616093422	25.46564173798281
1946.0319900081415	1946-01-11	1946-01-11T04:13:58	-756503162317	53.27382461490534	48.79025298287987	107.26453970974966	25.487951855876474
1945.331591947	1945-04-30	1945-04-30T12:44:45	-778590915573	53.309868873051826	48.8248641150315	107.28066445420079	25.519249474845786
