	Bayesian Skyline: Clade2_GTR_strict_BICEPS_invariants.log			
time	date	datetime	milliseconds	mean	median	upper	lower
2014.712	2014-09-16	2014-09-16T08:07:12	1410854832501	36.77534693362593	33.8949938644966	72.49859407367498	17.419261420028036
2014.1117733229412	2014-02-09	2014-02-09T06:08:04	1391926084014	36.77534693362593	33.8949938644966	72.49859407367498	17.419261420028036
2013.5115466458824	2013-07-05	2013-07-05T04:08:55	1372997335526	36.77534693362593	33.8949938644966	72.49859407367498	17.419261420028036
2012.9113199688236	2012-11-27	2012-11-27T02:09:47	1353982187038	36.77534693362593	33.8949938644966	72.49859407367498	17.419261420028036
2012.3110932917648	2012-04-22	2012-04-22T00:10:38	1335053438551	36.77534693362593	33.8949938644966	72.49859407367498	17.419261420028036
2011.710866614706	2011-09-15	2011-09-15T22:11:30	1316124690063	36.77534693362593	33.8949938644966	72.49859407367498	17.419261420028036
2011.1106399376472	2011-02-08	2011-02-08T20:12:21	1297195941575	36.77534693362593	33.8949938644966	72.49859407367498	17.419261420028036
2010.5104132605884	2010-07-04	2010-07-04T18:13:13	1278267193087	36.79603946772678	33.9198471796656	72.49859407367498	17.456987063235218
2009.9101865835296	2009-11-27	2009-11-27T16:14:04	1259338444600	37.535011946371895	34.63235387027239	73.42092772537639	18.138738002597048
2009.3099599064708	2009-04-22	2009-04-22T14:14:56	1240409696112	34.23792647726336	30.880763907480496	72.56813394196898	14.010576418182518
2008.709733229412	2008-09-14	2008-09-14T12:15:47	1221394547624	35.42219173834282	31.65877366118335	76.12294276037287	15.155347152217507
2008.1095065523532	2008-02-08	2008-02-08T10:16:39	1202465799137	48.144503770261764	44.00216630207819	101.34857318768813	21.29921719497043
2007.5092798752944	2007-07-04	2007-07-04T08:17:30	1183537050649	53.71032927921555	49.60861139214128	107.32475276636356	25.181103085254264
2006.9090531982356	2006-11-27	2006-11-27T06:18:22	1164608302161	54.05361412598	49.88812719724261	108.85160276045039	25.166816640882463
2006.3088265211768	2006-04-22	2006-04-22T04:19:13	1145679553673	54.13687221643279	49.885242773858785	108.81031007422526	25.52381249322616
2005.708599844118	2005-09-15	2005-09-15T02:20:05	1126750805186	51.14908341655402	47.26323073443967	108.00333500812957	18.57617860556467
2005.1083731670592	2005-02-08	2005-02-08T00:20:56	1107822056698	36.824964251952366	32.291234162697805	87.70898917960416	14.835794525865435
2004.5081464900004	2004-07-02	2004-07-02T22:21:48	1088806908210	28.59460650210142	25.295953844746798	67.72596224555039	9.60789527853492
2003.9079198129416	2003-11-26	2003-11-26T20:22:39	1069878159722	21.12634547942755	18.68675989483574	49.91244012828231	7.724112884867762
2003.3076931358828	2003-04-21	2003-04-21T18:23:31	1050949411235	15.440720130605454	13.10882632524385	37.68586798061042	6.020816249325901
2002.707466458824	2002-09-14	2002-09-14T16:24:22	1032020662747	17.025678185544326	14.129877455865214	44.15636591792501	6.6033931312784695
2002.1072397817652	2002-02-07	2002-02-07T14:25:14	1013091914259	25.12026374634914	22.692691336094228	56.47994811107487	8.616678281081853
2001.5070131047064	2001-07-03	2001-07-03T12:26:05	994163165772	30.64073174292753	28.197870434815677	61.477030058959016	12.792623352221597
2000.9067864276476	2000-11-25	2000-11-25T10:26:57	975148017284	31.905132997297265	29.285000023294412	62.97892903663842	15.33645059799898
2000.3065597505888	2000-04-20	2000-04-20T08:27:48	956219268796	32.08118378338502	29.461980379615444	63.2487509129968	15.628226775902379
1999.70633307353	1999-09-14	1999-09-14T06:28:40	937290520308	32.101928105814835	29.483840092497868	63.402339434713376	15.628226775902379
1999.1061063964712	1999-02-07	1999-02-07T04:29:31	918361771821	32.101928105814835	29.483840092497868	63.402339434713376	15.628226775902379
1998.5058797194124	1998-07-03	1998-07-03T02:30:23	899433023333	32.101928105814835	29.483840092497868	63.402339434713376	15.628226775902379
1997.9056530423536	1997-11-26	1997-11-26T00:31:14	880504274845	32.101928105814835	29.483840092497868	63.402339434713376	15.628226775902379
1997.3054263652948	1997-04-20	1997-04-20T22:32:06	861575526357	32.101928105814835	29.483840092497868	63.402339434713376	15.628226775902379
1996.705199688236	1996-09-12	1996-09-12T20:32:57	842560377870	32.101928105814835	29.483840092497868	63.402339434713376	15.628226775902379
1996.1049730111772	1996-02-06	1996-02-06T18:33:49	823631629382	32.101928105814835	29.483840092497868	63.402339434713376	15.628226775902379
1995.5047463341184	1995-07-02	1995-07-02T16:34:40	804702880894	32.101928105814835	29.483840092497868	63.402339434713376	15.628226775902379
1994.9045196570596	1994-11-25	1994-11-25T14:35:32	785774132407	32.101928105814835	29.483840092497868	63.402339434713376	15.628226775902379
1994.3042929800008	1994-04-20	1994-04-20T12:36:23	766845383919	32.101928105814835	29.483840092497868	63.402339434713376	15.628226775902379
1993.704066302942	1993-09-13	1993-09-13T10:37:15	747916635431	32.101928105814835	29.483840092497868	63.402339434713376	15.628226775902379
1993.1038396258832	1993-02-06	1993-02-06T08:38:06	728987886943	32.101928105814835	29.483840092497868	63.402339434713376	15.628226775902379
1992.5036129488244	1992-07-01	1992-07-01T06:38:58	709972738456	32.101928105814835	29.483840092497868	63.402339434713376	15.628226775902379
1991.9033862717656	1991-11-25	1991-11-25T04:39:49	691043989968	32.101928105814835	29.483840092497868	63.402339434713376	15.628226775902379
1991.3031595947068	1991-04-20	1991-04-20T02:40:41	672115241480	32.101928105814835	29.483840092497868	63.402339434713376	15.628226775902379
1990.702932917648	1990-09-13	1990-09-13T00:41:32	653186492992	32.101928105814835	29.483840092497868	63.402339434713376	15.628226775902379
1990.1027062405892	1990-02-05	1990-02-05T22:42:24	634257744505	32.101928105814835	29.483840092497868	63.402339434713376	15.628226775902379
1989.5024795635304	1989-07-01	1989-07-01T20:43:16	615328996017	32.101928105814835	29.483840092497868	63.402339434713376	15.628226775902379
1988.9022528864716	1988-11-23	1988-11-23T18:44:07	596313847529	32.101928105814835	29.483840092497868	63.402339434713376	15.628226775902379
1988.3020262094128	1988-04-18	1988-04-18T16:44:59	577385099042	32.101928105814835	29.483840092497868	63.402339434713376	15.628226775902379
1987.701799532354	1987-09-12	1987-09-12T14:45:50	558456350554	32.101928105814835	29.483840092497868	63.402339434713376	15.628226775902379
1987.1015728552952	1987-02-05	1987-02-05T12:46:42	539527602066	32.101928105814835	29.483840092497868	63.402339434713376	15.628226775902379
1986.5013461782364	1986-07-01	1986-07-01T10:47:33	520598853578	32.101928105814835	29.483840092497868	63.402339434713376	15.628226775902379
1985.9011195011776	1985-11-24	1985-11-24T08:48:25	501670105091	32.101928105814835	29.483840092497868	63.402339434713376	15.628226775902379
1985.3008928241188	1985-04-19	1985-04-19T06:49:16	482741356603	32.101928105814835	29.483840092497868	63.402339434713376	15.628226775902379
1984.70066614706	1984-09-11	1984-09-11T04:50:08	463726208115	32.101928105814835	29.483840092497868	63.402339434713376	15.628226775902379
1984.1004394700012	1984-02-05	1984-02-05T02:50:59	444797459627	32.101928105814835	29.483840092497868	63.402339434713376	15.628226775902379
1983.5002127929424	1983-07-01	1983-07-01T00:51:51	425868711140	32.101928105814835	29.483840092497868	63.402339434713376	15.628226775902379
1982.8999861158836	1982-11-23	1982-11-23T22:52:42	406939962652	32.101928105814835	29.483840092497868	63.402339434713376	15.628226775902379
1982.2997594388248	1982-04-18	1982-04-18T20:53:34	388011214164	32.101928105814835	29.483840092497868	63.402339434713376	15.628226775902379
1981.699532761766	1981-09-11	1981-09-11T18:54:25	369082465677	32.101928105814835	29.483840092497868	63.402339434713376	15.628226775902379
1981.0993060847072	1981-02-04	1981-02-04T16:55:17	350153717189	32.101928105814835	29.483840092497868	63.402339434713376	15.628226775902379
1980.4990794076484	1980-06-29	1980-06-29T14:56:08	331138568701	32.101928105814835	29.483840092497868	63.402339434713376	15.628226775902379
1979.8988527305896	1979-11-23	1979-11-23T12:57:00	312209820213	32.101928105814835	29.483840092497868	63.402339434713376	15.628226775902379
1979.2986260535308	1979-04-18	1979-04-18T10:57:51	293281071726	32.101928105814835	29.483840092497868	63.402339434713376	15.628226775902379
1978.698399376472	1978-09-11	1978-09-11T08:58:43	274352323238	32.101928105814835	29.483840092497868	63.402339434713376	15.628226775902379
1978.0981726994132	1978-02-04	1978-02-04T06:59:34	255423574750	32.101928105814835	29.483840092497868	63.402339434713376	15.628226775902379
1977.4979460223544	1977-06-30	1977-06-30T05:00:26	236494826262	32.101928105814835	29.483840092497868	63.402339434713376	15.628226775902379
1976.8977193452956	1976-11-22	1976-11-22T03:01:17	217479677775	32.101928105814835	29.483840092497868	63.402339434713376	15.628226775902379
1976.2974926682368	1976-04-17	1976-04-17T01:02:09	198550929287	32.101928105814835	29.483840092497868	63.402339434713376	15.628226775902379
1975.697265991178	1975-09-10	1975-09-10T23:03:00	179622180799	32.101928105814835	29.483840092497868	63.402339434713376	15.628226775902379
1975.0970393141192	1975-02-03	1975-02-03T21:03:52	160693432312	32.101928105814835	29.483840092497868	63.402339434713376	15.628226775902379
1974.4968126370604	1974-06-29	1974-06-29T20:04:43	141768283824	32.101928105814835	29.483840092497868	63.402339434713376	15.628226775902379
1973.8965859600016	1973-11-22	1973-11-22T18:05:35	122839535336	32.101928105814835	29.483840092497868	63.402339434713376	15.628226775902379
1973.2963592829428	1973-04-17	1973-04-17T16:06:26	103910786848	32.101928105814835	29.483840092497868	63.402339434713376	15.628226775902379
1972.696132605884	1972-09-09	1972-09-09T14:07:18	84895638361	32.101928105814835	29.483840092497868	63.402339434713376	15.628226775902379
1972.0959059288252	1972-02-03	1972-02-03T12:08:09	65966889873	32.101928105814835	29.483840092497868	63.402339434713376	15.628226775902379
1971.4956792517664	1971-06-29	1971-06-29T10:09:01	47038141385	32.101928105814835	29.483840092497868	63.402339434713376	15.628226775902379
1970.8954525747076	1970-11-22	1970-11-22T08:09:52	28109392897	32.101928105814835	29.483840092497868	63.402339434713376	15.628226775902379
1970.2952258976488	1970-04-17	1970-04-17T06:10:44	9180644410	32.101928105814835	29.483840092497868	63.402339434713376	15.628226775902379
1969.69499922059	1969-09-10	1969-09-10T04:11:36	-9748104078	32.101928105814835	29.483840092497868	63.402339434713376	15.628226775902379
1969.0947725435312	1969-02-03	1969-02-03T02:12:28	-28676852566	32.101928105814835	29.483840092497868	63.402339434713376	15.628226775902379
1968.4945458664724	1968-06-28	1968-06-28T00:13:19	-47692001053	32.101928105814835	29.483840092497868	63.402339434713376	15.628226775902379
1967.8943191894136	1967-11-21	1967-11-21T22:14:11	-66620749541	32.101928105814835	29.483840092497868	63.402339434713376	15.628226775902379
1967.2940925123548	1967-04-16	1967-04-16T20:15:02	-85549498029	32.101928105814835	29.483840092497868	63.402339434713376	15.628226775902379
1966.693865835296	1966-09-09	1966-09-09T18:15:54	-104478246517	32.101928105814835	29.483840092497868	63.402339434713376	15.628226775902379
1966.0936391582372	1966-02-02	1966-02-02T16:16:45	-123406995004	32.101928105814835	29.483840092497868	63.402339434713376	15.628226775902379
1965.4934124811784	1965-06-28	1965-06-28T14:17:37	-142335743492	32.101928105814835	29.483840092497868	63.402339434713376	15.628226775902379
1964.8931858041196	1964-11-20	1964-11-20T12:18:29	-161350891980	32.101928105814835	29.483840092497868	63.402339434713376	15.628226775902379
1964.2929591270608	1964-04-15	1964-04-15T10:19:20	-180279640468	32.101928105814835	29.483840092497868	63.402339434713376	15.628226775902379
1963.692732450002	1963-09-09	1963-09-09T08:20:12	-199208388955	32.101928105814835	29.483840092497868	63.402339434713376	15.628226775902379
1963.0925057729432	1963-02-02	1963-02-02T06:21:03	-218137137443	32.101928105814835	29.483840092497868	63.402339434713376	15.628226775902379
1962.4922790958844	1962-06-28	1962-06-28T04:21:55	-237065885931	32.101928105814835	29.483840092497868	63.402339434713376	15.628226775902379
1961.8920524188256	1961-11-21	1961-11-21T02:22:46	-255994634418	32.10618579914738	29.483840092497868	63.402339434713376	15.701551904641331
1961.2918257417668	1961-04-16	1961-04-16T00:23:38	-274923382906	32.10688163381426	29.50753953113768	63.402339434713376	15.701551904641331
1960.691599064708	1960-09-07	1960-09-07T22:24:29	-293938531394	32.10820844926135	29.50753953113768	63.402339434713376	15.701551904641331
1960.0913723876492	1960-02-01	1960-02-01T20:25:21	-312867279882	32.11220346870146	29.51245396606642	63.402339434713376	15.701551904641331
1959.4911457105904	1959-06-27	1959-06-27T18:26:12	-331796028369	32.11220346870146	29.51245396606642	63.402339434713376	15.701551904641331
1958.8909190335316	1958-11-20	1958-11-20T16:27:04	-350724776857	32.11244254733679	29.50753953113768	63.402339434713376	15.701551904641331
1958.2906923564728	1958-04-15	1958-04-15T14:27:55	-369653525345	32.11229139701961	29.50753953113768	63.402339434713376	15.701551904641331
1957.690465679414	1957-09-08	1957-09-08T12:28:47	-388582273832	32.1345368881461	29.53682550130865	63.402339434713376	15.703918255420751
1957.0902390023552	1957-02-01	1957-02-01T10:29:38	-407511022320	32.14040607538294	29.54127744983145	63.665836374944796	15.703918255420751
1956.4900123252964	1956-06-26	1956-06-26T08:30:30	-426526170808	32.16088877222186	29.559621763166643	63.665836374944796	15.726912727770147
1955.8897856482376	1955-11-20	1955-11-20T06:31:21	-445454919296	32.17232270234855	29.56574805878264	63.665836374944796	15.74287915593002
1955.2895589711788	1955-04-15	1955-04-15T04:32:13	-464383667783	32.180761395802854	29.5805998734106	63.75225382309432	15.732146417406819
